3380732063251985718
-3417579094681395164
4639042519632546672
2604654122936179362
-87082606998001936
6917847225498317251
2446382439401710028
4343034561186398264
-2176617154025258257
6694248386942069856
8679239359750977158
2677475476945721710
3406945983024176968
-7417889112809021137
7371593057966835602
2321107814060057008
2155918927504398170
-3422044204141580160
-860198123988371404
2004662339395178455
2210242838137769675
-8841586004720886400
-3755092422354888735
-521169081654498356
7593887976529877326
-2656404911427770605
6897192190357876197
228272657593488338
4106119143441747175
7851452526217669339
-8640610472553286042
1357110193386067599
-6905569359039605080
-754207495242045256
2955375201581399993
-1686908437048023254
3412722633689352953
8340130663120056631
-8696352377884245476
-6946029492717707068
7301470028530893619
7225805010848330259
1835733034683806748
-3137724496557624865
7086158528485748568
5847532566827562669
2482234589456360716
-3955691753628152076
6233670164643023643
-642492732701570270
1636854206653986160
-2488491922407746265
8471535224918082310
644274795637543559
-188231435401745802
8992087178264776565
-4091741124705919080
6186797628473434393
-1308574225777281334
-1629080807484420298
214332085719981895
-4537532384400592506
-5221538305781072128
-5199591131016783732
6278403484205815486
-2282931462586603277
-2649898286316567836
-588534068596194770
8102357627243472404
-868679201201070001
-8107587482224492603
982812721331756062
1463419912815067979
-1044411833315651941
4732151814010640501
-290308913106696887
5518926339757828069
-150635680963229698
368851445060576755
7133416821688210770
6906711327625254654
5359234654808362134
-8563000660992254139
-9018227826377432833
962504235317959217
-2144213902670076488
2832878105676904369
1404844282262216829
1946941281872518134
-7972620264601234351
8086351819235858822
-8904882458952750840
-8212944669006871455
-8526873269941233135
7267847625694545696
2831281220118096440
1636252768934324148
5083195760593005497
8215566979187859242
3795710058722600565
-6186327403131903447
6446378114262803928
-8197247509776948668
7374779849287085252
-8607667613947405181
5968370930308216331
185135143829961485
-258144744133100442
8946181653808421311
-7027984493920025624
-5568998160700834608
-969352096920514258
-3254075404641820880
-1121568322630167943
-5690956704742749659
3826923253340690566
-9172824991314955689
-611966104773844975
2506296600745196254
1019912217021269823
6760045361113427730
-805622011088905167
-1889729861696095153
-7591268451204069340
1746846010547716329
-2968590014964407155
-2434349276683540041
4963879734775685106
-5714679845826803196
3520497387645700998
-4148681474814127536
-2027389855460375713
-6836898936903058755
-5239594303714716486
-5158214451530896207
-6018651703959630263
3912551902216135298
-7454280493559400096
3323656010374583358
6201151322167278294
-613434990750739250
-1229483820317258709
-653322361812851617
-152056603248509202
-4395647857516908225
-2582697302842763301
-2952777132552926902
7258001627699620335
-7980422503393943356
8283356546438043336
7998009641247411009
2783642556527870149
-5147161359635809691
-8250541320925755678
1815132056212598966
1562684033301057626
7702382129604838273
-1654282001323182377
4663464986136545794
4933585639203761895
5294331633942666675
-8157375590262453983
-3287592517386520127
1674413174075509281
-2272637506489845958
4356661025164293520
-1445736714915464582
-6832626485373877674
-3022640851896265085
-982174504859205363
-1330298273472482761
